# recovery times (in days) of 248 individuals diagnosed with COVID-19 in 2022 in the state of Pernambuco.

20,46,70,34,66,40,46,29,42,54,24,36,35,12,20,61,39,
14,22,49,13,61,19,32,28,56,45,26,59,14,26,63,46,27,
19,76,55,55,33,14,12,12,24,76,5,19,9,27,28,77,1,33,
10,7,43,43,20,33,28,45,27,13,26,15,9,61,62,71,4,41,
3,50,45,25,21,42,4,34,4,14,48,5,17,7,8,72,11,20,44,
17,62,68,11,29,50,6,20,23,21,32,21,48,37,6,15,34,50,
10,14,46,33,8,15,47,75,2,37,41,3,8,25,32,4,17,24,50,
37,2,18,22,35,17,10,38,28,7,16,9,35,10,31,6,29,75,15,
4,10,51,28,46,31,16,4,17,30,76,10,27,29,6,11,36,65,12,
24,13,35,53,71,57,54,1,30,14,36,44,21,55,7,16,44,8,28,
53,25,29,35,9,5,5,50,11,30,5,38,11,48,20,7,14,14,7,5,
57,5,53,23,19,3,41,16,11,3,3,70,32,36,31,45,4,7,61,48,
45,6,7,69,70,74,30,5,7,8,8,38,1,2,57,56,12,14,10,75,14,
9,48,8,27.